3720
1470
7334
9550
5520
1930
2018
9185
3920
2170
4384 NL
6533
8510
4575 NH
1310
1050
9401
3511
5020
4347
4841
9667
7620
2320
7350
1400
4680
9111
9772
1950
6040
5380
1982B
2243
3070
2030
4567 AA
1741
8501B
9170
1390
3380
jsdlgj
1831
9308
6060
5377
2470
9920
3211
5575
8500
5032
1120B
3950
1490
6180
7191
4652
3670
3790
7850B
8780
7022
2930
1982
3990
9750
2310
2223
9570
4257
4690
4218
1500
2547
3440
4610
3840
9961
1380
5081
1674
3130
8570     
1082
59410
4900
5310A
1800A
2221
2275
3052
59000
5563
4470
4585 AB
9991
1030
8720
4671A
6142
1315
9620
7050C
2300
8792     
1970B
1320
7531
3721     
1180
4566 AH
8400
4645BZ   
6110
8480
3665
4357
4420
3360
2950
2400
4537 VP
9450
8630
8830
2845
8301
9600
7850
2270
9310
2260
7890
3400
4837
4501 RD
3800
3550
6032
3018
4000
1651
3071
1740
9552
2570
3520
1357
1480
5140
1830
2290
7880
1160
54657
4670
1570
1600
8501
8660
1731
8860
6238
5150
6230
34000
2380
5920 0
4630
5101
9090
9050
2060
6681
4620
5645
9710
1851
5540
9571
1560
9402
1750
3460
1501
3272     
8930
9000
1652
4480
9031
4870
9040
1040
5621
9180
1325
3404
4860
4561 NL
9681
4031
1370
8470
8020
5537
3971
3590
8740
3270
3545
9060
2830
1860
6567
3384
1981
2500
9420
6223
2350
9831
5300
5000
4569 AZ
9051
3078A
9230
2990
7011
1150B
2160
7940
7141
7181
2480
2861
3530
6800
8554
Wevelgem
7538
6250
8520
4800
5340
13310
3001
7810
6224 LL
1340
5600
5590
1742
5081C
6530
1070B
6461
7750
1730
X
3191
7061
6001
4569 BC
3806
1160B
9790
2235
3970
2450
7062
4100
1160D
4367
3832
7860
2600
3111
9700
7012
2200
4513 AT
3061
3040
4561 ZM
2288
2960
9880
4042
1301
5080A
8791
3200
2610
4540
4460
1428
7950
9130
NULL
2540
4317
6141
8210
1330
62810
3320
9551
4571 LH
9406
8750
6220
2580
5530
4287
6183
1435
2870
1601
7880B
1670
3118
2860
1653
3053
9400
1410
1350
4601
8540     
1620
1852
3000
3150
8200
8420
2340
9881
3350
7050
8793
4400
2890
2322
3120
9280
9520
9870
7090
3190
7031
9690
2440
3600
9270
9830
1090B
5651
3390
5310
2070
2620
3631
5623
2220
2550
1420
9473
3221
testing
1654
5640
8890
9500
7032
4608
7951
3890
6941
9771
7830
5030
4121
1476
2520
2627
9921
4550
3318 JB
3630
1853
9660
1450
3570
9032
3471
7340
4350
5927 2
2431
7800
2020
7060
1703
1030B
7160
1461
3660
1000A
5555
6030
1761
3080
1200
8620
1880
8820
3271
9930
4671
1450B
9120
2430
1332
3621
3945
4336 JZ
6446 BS
9860
1367
9041
4607
9688
5031
4707 JT
4684
4645 ER
1673
9300
2650
2222
9340
4566 BL
2250
3540
1111
4053
7020
4337 NL
7801
3512
9910
9521
4701L
3582
8550
5001
1440
5956 0
8310
3770
4280
1000
6031
3294
1650
1082A
7040
4340
6224
4050
1081
8560
8870
9472     
3473
9630
2812
1140
7180
7863
2000
2640
8370
7861
3891
9052
5650
7602
8800
4507 BV
59860
8880
8680
9678
7033
2800
9850
2970
5060
7170
5360
8300
7911
7021
3500
4920
1755
6663
1541
8810
8755
3401
5900 0
3078
7030
1861
7130
3511A
1800
2390
2242
9980
3640
4681
1401
7760
1760
3850
1342
7041
1701
4533 GL
5336
9320
2530
7866
4623
7904
3381
7910     
3940
2040
4101
3210
5561
1020B
7000
F598 80
7100
4801
7181C
8760
2240
8530     
6120
9050B
9260
4130
1457
1050B
3680
1630
4567A
2381     
4120
6280
9404
1820
3220
7520
3128
9250
8900
4532 CB
3560
4551 CN
2491
1083
3256
1950B
4560
6200
1060
7063B
6970
1745
1150
3450
Postcode
4032
3370
8450
2330     
4530
3010
4576 CT
4520
7110
7740
3900
1602
1430
1640
8460
7780
4432
4260
4970
3110
8970
9968
2360
4585 PA
7063
4683
9810
3060
8730
3730
8908
6210
1932
5170
7387
3290
2280
1180B
1540
3212
4564 DK
3140
9800
6927
1495
9840
5503
7730
7332
6000
1700
3742
4672
1360
3960
2531
5574
1170
3051
5340C
4520F
9070
3470
7500
4351
1840
4163
8531
8940
1120
4617 NL
4960
9310D
4566 AE
3090
4537
7134
4561 VG
3650
9220
59163
4190
6010
6500
6534
7521
2850
1785
1348
8790
7120
1170B
8647
2460
2940
5100B
6182
3620
7530
4802
1140B
3690
7034
8700
3830
4845
3300
9200
9506
8377     
4651
7822
2590
9240
2980
7331
7603
1850
9900
8670
9940
1190
9403
3581
8710
1200B
1460
3202
6511
1331
7812
7700
2050
8600
5354
3321
1770
9255
2180
9890
7070
9982
4587 BN
8490
3910
6061
1020
1970
8380
7912
8610
9451
1933
3510A
1080B
3740
7600
1082B
5100
1210
9160
1300
5190
8840     
8906
2660
3472
7971
4360
1910
1702
3510
3050
3201
1780
3668
7972
6460
6706
4536 AB
8340
9770
9030
1070
4450
8920
4840
2840
3012
2920
59230
2150
1790
8850
59278
9960
7971A
4030
2560
4020
1421
8770
4553 CA
9100
9290
3980
9140
6140
8980
5912 6
9971
9990
9950
7190
3461
4890
4682
2811
2900
8000
1502
3700
7333
4910
6211
6044
7540
3583
9080
2820
1080
4551 HD
4300
2910
8690
2490
4140
1040B
4561 ZS
3580
2140
1547
9470
2273 BD
7382
3870
4040
2100
9190
9150
6240
1090
3020
1980
9820
2370
4861 PG
2801
4821
2630
6222
2110
2230
9112
2880
4571 JC
4500
4600
4727 TC